%Cappability Matrix
%C: the vector about the computational cappability of nodes
%J: the vector about job lengths


 P11 
 %(3,13)
 R=[4;3;2];
 J=[6,12,16,20,24,28,30,36,40,42,48,52,60]; 

 P21
 %(5,100)
 C =[ 12.4239; 5.7513; 8.1589;15.0673;11.5667];
 J =[ 22.8309;84.2453;63.6209;15.1097;22.2990;61.5055;63.7290;38.3067;58.3645;46.2396;
       6.3017; 4.6641;32.6431; 3.2605;39.6288;68.9454;11.0986; 5.4632;62.0148;61.6370;
       3.5445; 3.6028;20.6273;59.5180; 7.6429;38.0217;63.8822;72.3282;69.8816;10.2397;
      46.5268;45.2992;36.6185;17.0534;68.2132;70.5229;73.2959;48.8817;56.3745;13.8626;
      46.1739;72.1565;89.4985;28.7640;26.9674;86.8291;24.7703;80.8774;91.0230;24.7256;
      25.4526; 6.8759; 9.6816;64.7999;20.7069;84.6992;19.0422;18.7377;99.4410;45.0995;
      35.3247;32.7933;37.7777;40.5375;59.9695;13.7352; 5.7366;46.9426;87.2470;93.5552;
      27.9160;17.7094;87.5398;25.3123;65.2915;96.7550;67.1633;87.2973; 2.9729;15.4270;
      82.2381;44.1563;89.2515;74.0210;69.3577;35.9190;18.2714;17.2500;20.7294;43.4002;
      85.8856;50.0445;81.9616;47.1554;46.8207;46.1675;42.3975;90.3578; 2.5472;31.1458];

 P31
 %(8,60)
 C =[ 15.3018; 5.2359;10.4958; 8.8038;14.4782;12.6694; 8.3905; 2.2591];
 J =[ 55.5640;45.5983;70.0676;62.8884;79.8925;95.7707;53.2139;88.2539;18.9497;98.0152;
      28.6018;26.7283;87.8227;74.2560;15.3788; 3.1522;89.6020;21.5155;31.2749;66.8214;
      29.8720;47.9840; 8.3486;98.8568;59.1136;43.5026;52.5202;34.7272;44.4248;24.1431;
      58.8211;76.5158;53.9227;64.7716;22.4888;39.2222;78.7662;68.7229;47.1873;57.6472;
      79.8326; 7.7999;61.0812; 6.9263;42.7067;31.8899;87.6880; 3.4709;77.2591;97.1428;
      99.0281;79.3084;44.9885;50.8345;22.9684;65.0622;33.3635;96.0897;73.2099;42.3714];

 P41
 %(10,50)
 C =[ 8.7921; 4.2824; 9.9593; 6.1981; 2.1677; 5.0973; 7.5023; 5.8584; 8.2262; 8.9273];
 J =[47.5638;82.0766;67.2558; 5.8846;42.8020;25.2504;10.3421;44.3888;38.4286; 3.5581;
     12.9746;20.7079;16.7939;66.8965;89.0968; 5.4739;67.4668;97.2160;63.5576;77.8423;
     75.9944; 2.7355;68.7442;15.8149;83.6164;67.8997;22.3112;85.4078;10.2197;70.5414;
     96.8417;42.4647;58.7418;51.6142;26.5727;53.5337;60.8352;72.5179; 7.9647;32.7610;
     37.5439;82.6506;76.7400;88.1984; 5.4819;19.1094;59.1463; 5.7235;80.4647;6.3488];

 P51
(10,100)
 C=[12.4239; 5.7513; 8.1589;15.0673;11.5667; 6.1981; 2.1677; 7.5023; 3.4501; 4.2824];
 J=[22.8309;84.2453;63.6209;15.1097;22.2990;61.5055;63.7290;38.3067;58.3645;46.2396;
     6.3017; 4.6641;32.6431; 3.2605;39.6288;68.9454;11.0986; 5.4632;62.0148;61.6370;
     3.5445; 3.6028;20.6273;59.5180; 7.6429;38.0217;63.8822;72.3282;69.8816;10.2397;
    46.5268;45.2992;36.6185;17.0534;68.2132;70.5229;73.2959;48.8817;56.3745;13.8626;
    46.1739;72.1565;89.4985;28.7640;26.9674;86.8291;24.7703;80.8774;91.0230;24.7256;
    25.4526; 6.8759; 9.6816;64.7999;20.7069;84.6992;19.0422;18.7377;99.4410;45.0995;
    35.3247;32.7933;37.7777;40.5375;59.9695;13.7352; 5.7366;46.9426;87.2470;93.5552;
    27.9160;17.7094;87.5398;25.3123;65.2915;96.7550;67.1633;87.2973; 2.9729;15.4270;
    82.2381;44.1563;89.2515;74.0210;69.3577;35.9190;18.2714;17.2500;20.7294;43.4002;
    85.8856;50.0445;81.9616;47.1554;46.8207;46.1675;42.3975;90.3578; 2.5472;31.1458];


 P61
 %(60,500)
 C =[21.3899;27.2549;21.9292;26.4695; 4.7063;19.0356; 9.3925;27.1370;12.5365;12.0270;
     17.4031;28.1829;21.7600;18.2408;16.4661;17.9085;25.7795;14.1086;29.9326;27.9567;
     23.7377;11.7524;21.6480; 8.1076;25.1252; 4.9772;20.9004;28.9916; 3.6745;24.7510;
      2.2330;29.8979;27.2694;17.1059; 4.4147;27.4722;13.3990;15.8916;28.0376;18.6439;
      7.1150;23.0505;10.8902; 5.9133;20.7549;14.8126; 5.5406;10.1785; 3.8619;25.0495;
     23.4048;17.0310; 3.8443; 7.3589;27.8007; 4.3286;28.0672;12.8320;10.4956;17.9046];
 
 J =[ 45.0737;196.6994;149.4529; 98.7372;194.0424;100.2087;161.6741;101.3872;182.7051;
     110.0974; 43.1830;  5.0779;198.2447; 94.1544; 68.8433; 32.4798; 44.8947; 58.6946;
      39.3305;146.2700;155.5105; 36.1041; 32.9514; 50.3292;172.7601;  5.2592;101.6406;
      24.5677;164.2338;132.5091;125.1004;  7.2376; 53.4754; 44.5531; 43.2332; 99.2004;
     158.3750;133.3419;161.8405; 77.6600; 28.3945; 32.1635;120.4808;148.8657;150.2255;
     125.6317; 62.3339;111.1893;134.5345;179.4012;124.0394;106.4815; 39.6514; 52.1640;
     153.3388; 72.2038; 32.4548; 25.1797; 66.9482;195.8176; 74.0309; 63.0210; 34.2645;
      13.3046; 97.8368; 63.1336; 64.8007; 50.5399;145.9833; 88.9531;159.7794;185.0660;
      64.1767;  5.3025; 54.1925;120.5323;181.7528;132.2469;153.2622;132.1919;183.6825;
     163.1402; 44.3487;163.8935; 91.5255;171.8294;197.0960; 26.6790; 73.7109;104.6738;
      59.4598;181.9694; 46.1633;153.7658; 22.7738;192.3984;188.1537; 42.5558;150.5808;
     149.9734; 93.8120; 36.8880;105.8056;150.0768; 68.1420; 41.2076; 25.8616; 42.5471;
     125.5102;126.0795; 33.9790; 76.9549;104.5575;138.0948;167.7599;112.1484;168.3366;
     132.9399;121.6605;146.1893; 28.1480;174.1485; 70.9432;183.7259; 64.8960;159.1097;
      40.3471; 69.0528;176.2697;136.3854;150.8798;176.7535;112.5696;146.5844; 76.3586;
     182.5564;182.2135; 74.6732;171.3436;130.9674; 18.2040;173.3451;  9.7824;137.1475;
      93.5346;  44.679; 99.6755;167.4607;178.2978;176.7557; 44.4800; 32.1016; 80.2990;
     143.5895;108.0914; 44.3585;169.5301;128.1346;170.7580;165.0940;112.5364;165.5951;
     118.2565;180.9750; 18.5558;107.2788; 10.3235; 12.7556;192.9790;166.1795; 11.3460;
      48.7149;188.6990; 66.9151;156.7896;127.2582; 17.9770;176.7355;175.3597;175.7099;
      11.4280;117.9980;156.2167;176.7098; 16.4851;149.9283; 92.6511;  9.5165; 83.5887;
      49.5718; 40.5962; 55.1197; 45.2890;133.5969;139.7450;140.3538;129.4882;106.0734;
      34.0596; 80.1264; 21.5366; 44.2374; 40.2255; 98.4152; 91.0541;114.1450; 58.0683;
     156.3299;121.4641;102.6813;153.5961; 87.7025;126.7527;135.7103; 25.5509;148.2697;
      88.9328;197.0263;162.2298;161.7730;149.7044;139.7438;179.5538;103.6794;170.7440;
     136.6605;144.9430;107.6740; 10.8079;158.6284; 70.0384; 76.6636;191.1028; 94.4958;
     189.2861; 13.7641; 82.2274; 17.2414; 89.4065; 74.2608; 52.3901; 72.9145; 72.4861;
      11.5274; 49.9018;191.7194;182.7003; 28.6833;110.6741; 64.0165;175.1602; 81.9475;
     123.3708;188.3518;136.9759;114.8464;131.2417; 67.5728;135.6648; 39.7474; 18.8968;
     169.5258;125.2464;  9.5577;116.9541; 67.5607; 51.0945;196.7796; 16.0344;161.1654;
     161.8548;160.2558; 57.7223;162.2652;116.7497; 83.3199; 23.8965;177.0219;144.6442;
      22.3274; 75.1886; 96.0149;146.5584; 57.3765; 14.9973; 47.2883; 76.2011; 69.1498;
     100.4563;114.4900;149.1146;169.7050; 21.8993; 37.8906;103.3869; 89.3515; 37.9955;
     118.2353; 89.4523;190.0971; 82.4938; 94.2726; 95.3766; 57.2333;155.0455; 54.7986;
     140.2035;108.9177;118.6024;132.8597;  9.1224;182.6290; 86.0855;182.0772;143.2931;
      49.5770;198.7301;148.4084; 89.0613;137.5041;168.7297;  9.1740;125.4916;199.6452;
     193.6910;105.1065;124.6174;190.5258; 53.5227; 72.6151;144.8909; 91.4467; 50.3563;
      32.5006;145.5149;167.7744;171.4114;174.0364;  7.6814; 84.4424; 76.2167;167.1778;
     192.0701;183.5269;166.5956;171.6754;119.1116; 42.9457;199.1426;138.9467; 89.5710;
     125.8023;148.8633;109.8657; 46.7676; 93.8741; 12.4705;135.2040;177.5447;  2.4494;
      96.7852;198.3504; 95.1547;123.1081; 74.7108;173.0461;174.9312;  5.6002; 80.0718;
      44.1878;156.1275;108.9114;179.7910; 13.0770; 43.8121; 55.3197;133.3552; 87.3728;
      15.7640; 36.7566;144.3564; 11.4723;174.7632; 55.8210;187.6614; 65.7814; 46.6775;
     166.3643;115.0875;194.8179; 31.0717;193.0167; 53.1081; 91.7336;175.6828;190.1848;
      70.6577;154.7081;186.0152; 40.7967; 92.8783;112.6267;134.4277; 92.8490;113.1130;
      49.9745; 83.1584; 24.5171; 85.0332;141.8491; 30.3700;179.9571;  7.6534;157.6197;
      19.4661;135.2297;  5.3127; 19.9046; 96.3893;132.8432; 22.7339; 63.4632; 88.7955;
      35.8319; 70.6799;178.7602;151.7133; 55.3013; 58.2588; 40.5387;108.2701;151.8654;
     187.9108; 19.1074; 36.3573;168.3763;140.1032;155.2994; 97.1253; 76.5294;123.2753;
      36.9085;171.9259;186.6697;173.8118;101.9032;100.6663;117.6837; 23.9116; 63.0779;
      26.4756;198.3515;176.1222; 93.2729;179.5983;103.2796; 69.7637;166.4972; 85.2189;
     154.3317;  5.8900; 30.1575; 85.3546;100.3170; 88.1301; 26.0095; 30.9755;171.5666;
      92.4513;157.2049;100.2067; 26.8937; 94.4236;179.8846;175.2532; 73.5926;120.2904;
     123.4189; 40.0615;130.5968;173.8137; 85.8996;123.2675;188.1941; 76.3702;197.9761;
     115.0208; 86.3128;142.9646;142.7002;129.9425;114.2327;177.2511; 41.9531; 21.4419;
      63.3521;117.3133; 12.6682; 75.1877;  4.6965];


 P71
 %(100,1000)

 C =[29.4254;  8.9490; 28.3631; 27.3000; 22.9624; 21.4631;  8.8242; 14.0179;  5.9501;  5.9289;
     18.7651; 20.5737;  5.8406;  9.2248;  7.4325;  2.6400;  7.0308;  7.2695; 18.9203; 20.4479;
     18.6847;  2.5086; 14.0235;  5.0896;  7.4303;  2.0045;  7.1173; 11.5174;  3.6524; 23.8584;
     20.6823; 21.7652;  2.4850; 16.6763; 27.1938; 21.6776; 25.0326;  7.1528; 16.5917;  4.6224;
     29.7602; 12.2895; 24.9918;  9.2334; 19.3029;  6.2627; 11.0462; 25.1284; 26.0420; 19.7054;
     20.3116; 22.1685; 27.3569;  3.9618; 20.4001; 13.5947; 11.8755;  8.4997; 20.5054; 25.2367;
     6.9541; 20.0575; 25.6834; 21.6960; 15.0646;  9.1230; 17.7095; 18.9343; 28.3568;  11.3666;
     6.2952;  2.7981;  2.8349; 17.9677; 22.6514;  2.8525;  9.7533; 17.1406; 17.4078;  10.5950;
     29.7402; 28.8232; 27.3192; 18.9827; 22.5206; 18.8840; 24.5743; 25.0557; 21.7060;  9.6497;
     17.3068; 18.2980; 12.5913;  6.0764; 24.7935; 21.4145; 11.6759; 18.3435; 17.8492; 26.3500];
 
 J =[183.1155;164.7424;137.6278;114.2601; 53.5645;124.1650;123.3746;  4.6223;140.3190;186.6007;
     198.2705;  6.8383;143.9568;  9.7194;120.7383;156.3716;133.1115;  3.3507;113.1785;174.7169;
     111.0759;194.7474; 16.3363;161.5503; 75.6866; 90.7413;129.0445; 15.3588; 49.9166; 88.7805;
      48.5658; 98.0813; 10.9526; 90.3762; 15.2130;166.3495; 60.0641; 82.7286;149.9474; 26.2516;
      15.8294;117.6604; 28.1301; 89.1657; 13.8494;199.5923; 54.3672; 24.1702; 76.7394; 60.9439;
      81.4679;107.8752;169.5933;189.3299; 22.4334; 60.3118;178.5994;131.2389;  8.9892; 11.8704;
     121.5409; 37.7814;169.5870; 67.9614; 71.5064;121.4463;152.4390; 32.2483;103.0244; 73.5078;
     108.8411;162.4763; 42.2147;183.5886; 89.3612; 24.9063;172.8372;145.6756; 47.5381; 93.7429;
      15.2752; 86.9582; 99.8719; 74.6052;138.3570;151.3215; 83.3244; 21.1334;142.3253;  5.1806;
     150.8072; 50.0089; 28.1857; 59.4726; 16.1594; 52.6871; 50.2214; 27.4981; 74.7909;134.1054;
     147.7351;174.2445;178.8795; 59.1745;193.5149; 52.3875;132.9133; 97.3475;155.5403;139.0465;
      17.4800; 44.0577; 44.8272; 14.8493;183.7354;104.6581;193.8787;147.0392; 93.2747; 55.6979;
      82.1163;128.3806;195.5294;  9.8127;148.6557;110.0092;161.7340;115.0357;139.4252;196.7354;
      15.8624;191.3983; 17.1919; 38.2782; 42.0551; 52.4218; 23.5267;179.7682; 70.5960; 66.3829;
     196.3639; 59.8667;198.9350; 45.5871;183.1671;187.4605;132.7233;123.1683; 62.2378;146.6616;
      68.1352; 57.1153; 27.0161;163.7246;181.2105; 55.9920;128.5418;148.9788; 31.2171;147.6105;
      11.4925;193.4950; 27.1158; 59.8640;102.2468; 40.4949; 56.1258; 84.8891; 98.2157; 33.3821;
     175.8765; 45.3032; 41.5453;104.3781; 81.5437; 27.1210;156.4215;120.1543;  6.7351; 33.9367;
     150.9247; 43.2139;198.1772;128.5457;186.0309;126.0976; 52.5592; 17.5484;178.5691;128.6029;
     144.0019;146.1150; 67.7479;145.8197; 98.7342; 59.9403; 79.5646;171.1378; 41.4833;112.7953;
     133.4877; 75.7321; 80.0963;174.6174;180.8471;129.8560; 15.6726;130.6221; 46.4033; 33.4620;
     175.2651; 89.5242; 49.4483;157.6350; 60.7678; 11.1543;132.3954; 24.1748;179.1099; 77.1783;
      97.1238;128.9727;100.0014;  8.1820; 91.1876;109.3658; 70.6120; 27.1083;150.0492;187.4303;
     196.3841;192.3896;136.7506;136.8139; 71.9818;140.2722; 43.0402; 11.1122; 40.0792;192.1454;
     148.2886; 32.1775;193.2328; 10.2085;103.0059; 16.3701;  7.2100; 97.3569; 93.9497;169.0732;
      25.2282;104.9717;150.6216;152.2314;167.2122; 99.7002;197.5799; 55.6076; 22.1666;112.6778;
     162.7471; 86.2475; 27.5877; 64.9237;118.2539;198.4734;198.8234;137.7862;168.9675;185.7771;
       8.3905; 47.4824;118.4461; 56.3884;174.1535; 19.8252; 47.7995;180.3781;166.7100;123.3961;
     115.6000; 22.6564;175.3972; 47.5586; 34.0549; 30.8963;190.5043; 95.6458;166.7836;100.7602;
      95.0841;169.1764; 84.7487;155.6274;183.8982;171.0068;103.3412; 19.3590;135.0630;111.4908;
     167.7537;132.0584; 65.8879;184.1418;121.1818;182.3407;145.6842;176.7430; 87.1078;168.7596;
      62.3639;147.3152; 61.1714;187.6460;183.1796;106.8572;141.8968; 45.1031;103.7401; 30.2859;
      68.3197;110.4132;162.9143; 49.1064; 97.5213;177.2661;  7.1570; 93.6263;150.7267;112.7238;
      10.0546; 84.0901; 38.6019; 10.6009; 71.6421;156.9233;173.6481;101.6768; 80.3969;130.1195;
      29.6187;163.2174; 47.3516;189.7177;  8.1937; 45.4851; 28.5067;101.0248;118.9790;197.6980;
      31.3106; 72.3055; 35.1011;126.6150;170.4281;151.1284; 33.9655; 17.2648;136.5372;107.7048;
     149.1810; 24.8752;100.4269;109.8783;122.8935;189.9234;  9.0155;170.0622; 31.2621;123.7333;
       4.8766;182.3676;103.9823;173.4226; 84.1959;132.4511; 50.1078; 98.1867;112.3539; 61.0494;
      63.7543; 21.7291; 24.1531; 85.1262;104.5939;  6.5237;179.4852;135.0026; 25.7911; 14.8662;
     102.4368;187.9595;126.5175; 11.2241; 97.9495; 32.0243;154.3723;  4.5057; 34.6785;  9.0664;
      28.5293;184.9611; 30.2315;120.3984; 91.4129; 81.4185;102.2498;107.4008;143.4921;141.9440;
     180.5907; 55.3659; 38.5796;136.6496; 92.2438; 89.4432; 50.6488;179.3512; 29.0446; 24.4123;
      65.0440;113.6700;197.5613;112.0580; 44.0701;104.9485; 54.6206; 81.6905;136.9725; 83.6448;
     103.6971;119.8888;  6.2928;192.7989;177.6622; 67.7675; 37.0459;134.6765;137.0316; 20.8339;
     163.8447;101.8661; 31.2071;163.2392; 83.9804; 80.1969;142.9633;148.2608;162.4584; 32.0049;
      24.5060;177.3126; 45.5465;132.8672;168.6432; 33.2943; 18.5380;132.4733;170.7591;160.4909;
     116.2546; 96.0547;176.4080;133.8340; 96.4309;158.1226;172.9445; 60.0116; 17.2371;125.7708;
      18.4687; 60.7165; 57.1132;153.4584; 25.4924; 17.6067; 42.5036;120.3495;149.1852; 38.9351;
      70.1840;170.3390;185.8209; 45.5637;105.0362; 19.7499; 75.0791; 18.3383;126.2087;117.0299;
      39.0116;189.7682;156.4276;149.1612;180.3511; 25.1679;  7.5380;198.5268; 10.9216;119.8054;
     182.8101;184.1135; 21.6225;133.4516; 32.0778;185.1380; 65.8412;154.7542; 53.4214;169.4883;
     154.4310;  4.3244;194.1248; 81.2777;118.7326; 13.5269; 53.3285;161.2701;192.7720;136.0054;
     121.1634; 54.1899;131.6307;121.9603;161.2201; 99.1058; 60.9661; 36.5985;177.4382;142.8484;
     133.9867;131.6566;192.2511;134.7615; 18.4792;102.4347;151.3958; 93.8918; 57.7038; 56.7117;
      94.1024;140.2701;174.1110; 88.7423;165.8875; 52.8847; 27.6551; 17.2847; 93.6682;112.7322;
      97.1924;184.3223; 17.9864; 87.7073;172.1849;178.4675; 33.4824;177.8065; 53.8921; 56.0005;
      82.7302;179.9008;185.0753;178.3996;180.3735; 21.7174; 20.0257; 43.5508;192.0824;141.0233;
      47.9963;193.1079;155.1623; 94.6864;130.3771; 89.8000;141.5065;116.4690; 96.3758; 24.4202;
      37.1303;100.9724;164.7897; 76.2565; 60.0407; 11.6840;  8.4811;160.7337; 38.0584; 38.2548;
     175.0934; 81.6228; 24.3247; 75.3340; 76.6029;143.9649; 73.6007;182.9305; 53.4875;129.7487;
     113.5055;109.9138; 20.6567;155.2661; 70.1711;144.4829; 44.3689;176.7269; 16.7498; 57.6698;
      23.5600;162.4530;143.4725;115.0483; 46.0346; 81.8662; 37.9182;100.9442;169.9079; 99.6286;
     182.8148; 13.7835; 95.2725; 32.0594;147.9342; 17.8204; 28.5774;150.2610;182.3080; 64.9781;
      33.8298; 27.8261;159.5844;109.5380;199.0932; 20.9134; 56.8155;115.7229;155.3925;140.5274;
       5.1091; 46.7305;117.3057;122.7418;152.1689;  2.4712; 87.9691; 95.8415; 75.8471;108.5098;
      68.3171; 37.5398;186.3186;169.4493; 38.2741; 80.2917; 74.0738;148.0274; 20.3764; 81.5318;
     148.8131;115.2501; 35.1609;105.4852;123.2084; 83.4221; 87.0484; 85.8995; 22.7505;102.6398;
      48.2258;107.6920;145.2687;186.2426;151.9885; 52.6913; 72.8889; 32.8955;  8.6839; 96.2006;
      50.4709;195.5329;140.6626;140.2747;176.7204;195.4473;116.9566;154.8659; 67.3996;  2.1855;
      42.2424;193.2582;106.9429; 95.0623; 89.8610; 97.8504;187.7909; 77.6201;169.0131; 92.0131;
     196.6613; 24.3303;124.7731; 33.9057; 67.1338; 67.9392;113.5527; 85.8013; 60.8821;158.6899;
      21.0496; 55.7029; 29.0423;151.8882;195.4523;114.9075; 87.5175; 25.3858; 73.7381;161.1515;
     139.6385; 85.9333;131.1601;143.5390;183.3465;149.7582;138.6181; 39.0610; 84.3362; 96.9177;
      30.5829; 36.1335;134.2303; 86.8951; 90.5956; 39.8688; 19.4217;149.3645; 30.5602;  9.1074;
     187.1717; 68.5628; 89.6903;143.0905;184.3005;180.5894;144.9446; 84.7043;180.2762; 49.4597;
     168.5766; 68.9603;193.1966;133.6266; 36.9106; 83.3907; 51.4539;162.0048; 53.1370;170.6628;
     135.0648;166.4480; 74.5486; 30.5393;138.3520; 66.1220; 19.2386;127.2574;135.3742; 71.5493;
     110.3185; 27.4878;177.8147; 76.3341; 47.0439; 80.7800;199.4137;143.9353;134.2920;140.1167;
      50.3339; 31.3409; 44.8230;174.8912; 12.5879;182.6425; 66.6941;199.8135;146.9466; 87.5287;
     187.2322;127.5445;196.8634; 20.2489; 88.2146; 23.8683;129.6013; 81.7138; 66.6023; 85.5225;
     135.3711; 31.6858; 22.9339; 23.2858;168.2515; 91.9285;109.2191;196.6653;171.5362; 34.6006;
      64.1377; 42.8252;177.2125;112.7980; 32.3532; 43.8690; 53.6779;120.6918;111.9687; 48.0999;
      91.9188;193.7476; 73.2808;114.9268; 61.4212;100.4858;199.5593;189.5269; 48.5623;159.5745;
     138.8458; 52.6298; 43.2901; 25.9343; 96.9521;161.2747; 94.1982; 21.7885;114.4681;104.2144;
      87.1557;116.5429; 88.5949;123.5907; 68.3868;100.0835; 43.4808; 69.7016;154.4225;192.2078;
      20.3141;100.5608;126.7846;114.4839;118.2605;183.8205;187.7557;194.3651;189.1253;100.1112;
     178.2641; 92.7836; 34.3735;104.6577;154.2134; 17.1466; 44.2585; 29.5732;160.4314; 80.4251;
     104.7193;  5.1687; 14.9463; 58.3172;103.8052; 61.4451;  2.5207;  2.0938;158.6110; 33.0176;
      29.6546; 80.2958; 35.5983; 75.4131; 65.2040;124.3080; 84.2728;174.4972;117.6056;172.0208;
     168.7434; 64.7614; 24.0407; 27.0211;  2.6248; 54.0400;  2.0848;139.4836; 76.5343;155.0978;
      37.7262; 42.3126;158.4313; 88.2349; 26.1238; 89.8329;162.1458; 32.9273;178.1560; 59.9429;
     177.3094; 96.9642;151.0535;112.4026;131.6282;196.9414; 51.7536; 99.6905; 98.0630; 31.1808;
      94.9057; 65.0116; 93.3345; 63.6377;114.4308; 65.5384; 33.7453;126.3323; 37.4204;193.6692;
     172.4756; 13.6396; 44.1894;139.9692; 48.0798;110.0371;187.7240;128.7249;150.1642; 25.0079;
      68.7392;109.9612; 26.2880;144.1401;108.3943; 67.6386; 13.2872; 65.0202; 28.3293; 19.9906;
     182.4709; 23.6203;140.9882;123.9095; 97.9959;116.9567; 51.0158; 62.8691;  3.2029; 37.3303;
     126.0278;121.5436;191.2052;172.9453; 52.5414;139.3073; 74.9173; 44.0741; 72.3475; 46.3964;
      50.9273; 95.4741; 78.5547;179.2246;174.7771; 75.6149; 86.2566; 23.8433; 48.1435; 52.5247;
     157.5875;165.1570;167.7735; 45.2394;180.5052;167.5271; 98.8678;125.4064; 53.8379; 60.9258;
     107.5229;161.6200; 51.1104;108.6966; 58.2764;162.0134;110.8742;191.3209; 11.7941;144.3297];




